100
50
0 1 2 3 4 5 6 7 8 9 10 11 12 13 14 15 16 17 18 19 20 21 22 23 24 25 26 27 28 29 30 31 32 33 34 35 36 37 38 39 40 41 42 43 44 45 46 47 48 49 50 51 52 53 54 55 56 57 58 59 60 61 62 63 64 65 66 67 68 69 70 71 72 73 74 75 76 77 78 79 80 81 82 83 84 85 86 87 88 89 90 91 92 93 94 95 96 97 98 99 
0 1 2 3 4 5 6 7 8 9 10 11 12 13 14 15 16 17 18 19 20 21 22 23 24 25 26 27 28 29 30 31 32 33 34 35 36 37 38 39 40 41 42 43 44 45 46 47 48 49 
0
x 56.0 x 59.0 42.0 x 96.0 65.0 x 30.0 41.0 86.0 33.0 47.0 99.0 x 61.0 66.0 71.0 60.0 81.0 70.0 70.0 x 60.0 x 93.0 97.0 68.0 90.0 95.0 83.0 88.0 53.0 53.0 154.0 x 46.0 x 53.0 73.0 76.0 84.0 73.0 33.0 47.0 62.0 62.0 55.0 72.0 86.0 75.0 54.0 80.0 28.0 x 73.0 71.0 38.0 46.0 46.0 80.0 82.0 69.0 66.0 57.0 75.0 55.0 48.0 78.0 76.0 107.0 70.0 89.0 x 58.0 66.0 x 59.0 95.0 50.0 79.0 x 73.0 x 84.0 x 86.0 x 36.0 51.0 47.0 51.0 43.0 101.0 64.0 58.0 94.0 x 71.0 
56.0 x 61.0 79.0 x x 96.0 29.0 x 30.0 41.0 53.0 43.0 57.0 86.0 x x x 57.0 43.0 56.0 56.0 x 47.0 54.0 78.0 56.0 x 68.0 x 95.0 x 69.0 53.0 17.0 127.0 x 32.0 31.0 39.0 36.0 43.0 35.0 x 33.0 47.0 48.0 12.0 41.0 x 50.0 x 54.0 30.0 x 21.0 59.0 56.0 24.0 32.0 32.0 63.0 46.0 33.0 x 57.0 x 41.0 48.0 65.0 61.0 93.0 33.0 x 33.0 68.0 61.0 53.0 59.0 81.0 36.0 72.0 30.0 69.0 53.0 84.0 10.0 73.0 x 46.0 48.0 33.0 61.0 43.0 87.0 64.0 44.0 81.0 x x 
x 61.0 x 87.0 47.0 100.0 68.0 x 72.0 49.0 41.0 64.0 60.0 46.0 78.0 x 47.0 71.0 39.0 89.0 6.0 70.0 74.0 66.0 x 85.0 102.0 126.0 87.0 91.0 94.0 82.0 87.0 x 58.0 167.0 65.0 51.0 x 58.0 82.0 53.0 x 72.0 49.0 63.0 55.0 x 60.0 72.0 91.0 80.0 48.0 40.0 47.0 40.0 x 75.0 43.0 57.0 29.0 88.0 57.0 74.0 25.0 76.0 16.0 55.0 34.0 90.0 80.0 x 79.0 79.0 52.0 57.0 70.0 66.0 43.0 100.0 55.0 79.0 71.0 81.0 x 71.0 51.0 76.0 x 57.0 x 52.0 50.0 x 105.0 64.0 17.0 70.0 50.0 79.0 
59.0 79.0 87.0 x 65.0 118.0 x 88.0 140.0 78.0 92.0 101.0 92.0 106.0 x 113.0 112.0 103.0 108.0 119.0 93.0 107.0 107.0 98.0 48.0 129.0 x 156.0 54.0 76.0 x 115.0 147.0 75.0 76.0 119.0 x 83.0 x 90.0 114.0 x 114.0 x 84.0 98.0 96.0 x 92.0 116.0 x 112.0 x x 79.0 72.0 110.0 x 75.0 x x 102.0 92.0 x 103.0 108.0 103.0 92.0 99.0 x 118.0 141.0 111.0 135.0 84.0 117.0 x 99.0 x x x 122.0 76.0 95.0 104.0 112.0 69.0 104.0 159.0 95.0 110.0 84.0 110.0 65.0 131.0 x 95.0 112.0 82.0 x 
42.0 x 47.0 65.0 x 76.0 82.0 23.0 75.0 16.0 x x x 46.0 78.0 48.0 47.0 38.0 x x x 42.0 x 33.0 x 64.0 70.0 94.0 54.0 58.0 x 64.0 x 39.0 11.0 121.0 48.0 x x 25.0 50.0 x 49.0 45.0 19.0 33.0 34.0 x 27.0 51.0 44.0 47.0 40.0 44.0 14.0 7.0 45.0 52.0 10.0 26.0 18.0 57.0 40.0 x 38.0 43.0 42.0 27.0 x 59.0 x 79.0 47.0 70.0 19.0 57.0 47.0 45.0 x 67.0 22.0 58.0 24.0 x 39.0 70.0 4.0 59.0 94.0 x 62.0 19.0 50.0 x 73.0 50.0 30.0 67.0 17.0 57.0 
x x 100.0 118.0 76.0 x 108.0 x 106.0 66.0 x 122.0 68.0 54.0 117.0 94.0 83.0 59.0 99.0 x 106.0 98.0 x 83.0 70.0 71.0 69.0 139.0 104.0 x 121.0 x 95.0 89.0 76.0 159.0 55.0 74.0 x 81.0 90.0 x 104.0 33.0 59.0 73.0 91.0 x 89.0 58.0 84.0 103.0 x 106.0 64.0 x 52.0 83.0 66.0 x 80.0 30.0 78.0 60.0 91.0 x 116.0 83.0 66.0 92.0 88.0 x 92.0 x 81.0 65.0 78.0 85.0 81.0 88.0 78.0 65.0 62.0 23.0 x 71.0 x x 129.0 65.0 74.0 x 58.0 79.0 55.0 66.0 83.0 74.0 73.0 21.0 
96.0 96.0 68.0 x 82.0 108.0 x 102.0 112.0 x 55.0 106.0 74.0 60.0 61.0 x x 66.0 81.0 132.0 x 110.0 78.0 87.0 100.0 x x x 108.0 105.0 77.0 86.0 101.0 93.0 81.0 174.0 65.0 x 104.0 93.0 x x 110.0 75.0 63.0 x 94.0 101.0 93.0 74.0 123.0 115.0 44.0 83.0 68.0 75.0 68.0 89.0 78.0 86.0 77.0 90.0 93.0 65.0 73.0 x 84.0 95.0 48.0 33.0 94.0 139.0 122.0 44.0 x x x 100.0 39.0 37.0 90.0 81.0 77.0 85.0 107.0 100.0 x 76.0 135.0 71.0 80.0 87.0 64.0 83.0 109.0 78.0 65.0 x 85.0 x 
65.0 29.0 x 88.0 23.0 x 102.0 x 93.0 39.0 50.0 82.0 34.0 42.0 96.0 71.0 70.0 56.0 x 72.0 65.0 65.0 60.0 x 69.0 68.0 85.0 109.0 77.0 x 104.0 82.0 x 62.0 26.0 136.0 52.0 x 60.0 48.0 x 72.0 64.0 30.0 42.0 56.0 52.0 41.0 45.0 55.0 21.0 70.0 63.0 59.0 37.0 30.0 49.0 70.0 x 41.0 41.0 47.0 55.0 42.0 61.0 66.0 65.0 50.0 54.0 74.0 71.0 97.0 x 85.0 37.0 53.0 65.0 x 68.0 x 45.0 x 39.0 x 62.0 88.0 19.0 63.0 112.0 31.0 62.0 42.0 46.0 52.0 76.0 53.0 53.0 71.0 39.0 42.0 
x x 72.0 140.0 75.0 106.0 112.0 93.0 x x 71.0 74.0 66.0 52.0 97.0 119.0 80.0 69.0 x 92.0 66.0 103.0 63.0 47.0 98.0 x 125.0 129.0 x 89.0 113.0 x 85.0 90.0 70.0 x 65.0 79.0 96.0 85.0 100.0 92.0 54.0 81.0 x 85.0 55.0 x 48.0 56.0 85.0 104.0 87.0 x 66.0 68.0 62.0 33.0 71.0 55.0 79.0 94.0 105.0 x 89.0 37.0 56.0 88.0 64.0 89.0 x 98.0 102.0 100.0 56.0 55.0 28.0 66.0 91.0 93.0 83.0 49.0 89.0 87.0 75.0 93.0 77.0 70.0 x x 72.0 80.0 48.0 81.0 94.0 64.0 81.0 64.0 78.0 x 
30.0 30.0 49.0 78.0 16.0 66.0 x 39.0 x x 15.0 56.0 48.0 34.0 x 64.0 35.0 40.0 x 67.0 55.0 44.0 44.0 21.0 30.0 59.0 x 104.0 42.0 64.0 69.0 57.0 75.0 23.0 27.0 137.0 50.0 20.0 34.0 27.0 60.0 46.0 58.0 47.0 7.0 21.0 x 36.0 29.0 46.0 60.0 x 28.0 x 2.0 9.0 47.0 45.0 12.0 20.0 20.0 54.0 56.0 43.0 40.0 x 58.0 29.0 x 75.0 50.0 81.0 57.0 x 21.0 45.0 x 47.0 33.0 69.0 x 53.0 40.0 47.0 41.0 58.0 20.0 x 91.0 45.0 x 21.0 38.0 13.0 x 38.0 32.0 68.0 19.0 x 
41.0 41.0 41.0 92.0 x x 55.0 50.0 71.0 15.0 x 65.0 33.0 x 58.0 75.0 x 44.0 40.0 78.0 x 55.0 55.0 32.0 45.0 44.0 x 115.0 53.0 64.0 x 60.0 60.0 38.0 38.0 148.0 38.0 31.0 x x 71.0 54.0 x 45.0 8.0 22.0 47.0 x 40.0 31.0 71.0 60.0 39.0 47.0 13.0 x 37.0 48.0 23.0 x 31.0 55.0 64.0 54.0 32.0 42.0 57.0 40.0 7.0 64.0 x 92.0 x 75.0 32.0 30.0 43.0 x 44.0 73.0 35.0 38.0 51.0 48.0 x 69.0 31.0 49.0 94.0 30.0 39.0 32.0 23.0 28.0 80.0 23.0 24.0 53.0 30.0 x 
86.0 53.0 64.0 101.0 x 122.0 106.0 82.0 74.0 56.0 65.0 x 84.0 x 108.0 99.0 61.0 86.0 25.0 78.0 70.0 x 81.0 x 86.0 87.0 x 115.0 98.0 107.0 x 63.0 103.0 67.0 70.0 153.0 x 50.0 22.0 73.0 89.0 34.0 72.0 96.0 63.0 77.0 73.0 x 66.0 74.0 x 95.0 68.0 x 58.0 61.0 x 51.0 x 76.0 x 110.0 87.0 x 39.0 37.0 80.0 41.0 58.0 107.0 56.0 116.0 86.0 109.0 x 73.0 46.0 x 73.0 x 70.0 67.0 80.0 x 63.0 111.0 63.0 90.0 97.0 x 90.0 67.0 66.0 69.0 112.0 x 47.0 82.0 65.0 101.0 
33.0 43.0 60.0 92.0 x 68.0 74.0 34.0 66.0 48.0 33.0 84.0 x 14.0 77.0 85.0 73.0 61.0 59.0 86.0 66.0 79.0 73.0 57.0 x 73.0 95.0 123.0 66.0 59.0 82.0 55.0 55.0 71.0 40.0 150.0 57.0 55.0 74.0 62.0 x x x 59.0 41.0 34.0 65.0 55.0 58.0 60.0 x 84.0 72.0 x 46.0 44.0 54.0 43.0 47.0 55.0 55.0 56.0 69.0 56.0 51.0 47.0 76.0 64.0 26.0 59.0 48.0 108.0 76.0 70.0 56.0 25.0 38.0 x 69.0 90.0 59.0 59.0 53.0 49.0 76.0 97.0 33.0 68.0 89.0 3.0 34.0 x x 61.0 81.0 x x 74.0 54.0 47.0 
47.0 57.0 46.0 106.0 46.0 54.0 60.0 42.0 52.0 34.0 x x 14.0 x x 94.0 59.0 53.0 x 87.0 52.0 x 59.0 43.0 64.0 63.0 81.0 124.0 52.0 45.0 x 41.0 41.0 57.0 54.0 153.0 43.0 50.0 68.0 57.0 74.0 59.0 50.0 45.0 27.0 41.0 x 66.0 44.0 50.0 x 79.0 58.0 52.0 x x x 29.0 x 50.0 41.0 42.0 x 55.0 37.0 33.0 62.0 x 12.0 45.0 x 94.0 x 56.0 51.0 x 24.0 62.0 55.0 x 54.0 45.0 x 35.0 71.0 83.0 47.0 54.0 75.0 11.0 20.0 51.0 4.0 x 67.0 42.0 29.0 60.0 49.0 33.0 
99.0 86.0 78.0 x 78.0 117.0 61.0 96.0 97.0 x 58.0 108.0 77.0 x x 122.0 91.0 92.0 83.0 105.0 84.0 106.0 66.0 88.0 x 95.0 118.0 76.0 x 108.0 16.0 x 104.0 96.0 76.0 133.0 82.0 x x 89.0 98.0 x x x 66.0 64.0 58.0 74.0 51.0 x x 111.0 92.0 56.0 71.0 x 85.0 x 74.0 x 73.0 104.0 101.0 60.0 69.0 78.0 94.0 91.0 51.0 28.0 59.0 103.0 x 17.0 59.0 x x 69.0 87.0 x 86.0 77.0 92.0 97.0 70.0 121.0 x 93.0 100.0 74.0 83.0 83.0 67.0 86.0 x x 61.0 92.0 81.0 96.0 
x x x 113.0 48.0 94.0 x 71.0 119.0 64.0 75.0 99.0 85.0 94.0 122.0 x x x 91.0 105.0 x 90.0 56.0 81.0 94.0 105.0 118.0 142.0 102.0 86.0 129.0 108.0 131.0 87.0 59.0 x 83.0 66.0 x x 98.0 105.0 x 85.0 x 81.0 77.0 74.0 71.0 92.0 92.0 x x 92.0 62.0 x 86.0 96.0 58.0 74.0 66.0 82.0 88.0 75.0 86.0 91.0 90.0 75.0 82.0 107.0 x 122.0 95.0 118.0 67.0 105.0 91.0 x 93.0 x x 99.0 72.0 75.0 87.0 118.0 52.0 94.0 138.0 x x 67.0 98.0 77.0 87.0 98.0 78.0 86.0 x 73.0 
61.0 x 47.0 112.0 47.0 83.0 x 70.0 80.0 35.0 x 61.0 73.0 59.0 91.0 x x 48.0 36.0 x 53.0 67.0 27.0 52.0 65.0 60.0 92.0 126.0 73.0 95.0 100.0 35.0 100.0 50.0 x 164.0 38.0 51.0 62.0 58.0 86.0 50.0 78.0 60.0 38.0 52.0 x 67.0 x 47.0 91.0 80.0 7.0 53.0 x 40.0 41.0 57.0 43.0 51.0 42.0 53.0 70.0 74.0 22.0 61.0 63.0 52.0 47.0 84.0 62.0 94.0 83.0 92.0 50.0 57.0 x 60.0 12.0 x 55.0 x 71.0 60.0 72.0 67.0 51.0 x x 70.0 79.0 52.0 63.0 48.0 58.0 55.0 x 47.0 50.0 62.0 
66.0 x 71.0 103.0 38.0 59.0 66.0 56.0 69.0 40.0 44.0 86.0 61.0 53.0 92.0 x 48.0 x 61.0 82.0 77.0 x 37.0 57.0 x 26.0 82.0 119.0 78.0 80.0 105.0 x 94.0 63.0 49.0 152.0 10.0 36.0 74.0 43.0 71.0 75.0 x x 43.0 57.0 46.0 64.0 51.0 13.0 77.0 65.0 41.0 x 38.0 31.0 7.0 46.0 28.0 56.0 x 43.0 x 61.0 x 49.0 x 45.0 41.0 91.0 x x 72.0 x 43.0 64.0 41.0 57.0 36.0 29.0 x 20.0 55.0 36.0 60.0 64.0 42.0 21.0 92.0 58.0 71.0 37.0 57.0 53.0 68.0 x 54.0 29.0 35.0 38.0 
71.0 57.0 39.0 108.0 x 99.0 81.0 x x x 40.0 25.0 59.0 x 83.0 91.0 36.0 61.0 x 53.0 45.0 31.0 63.0 31.0 69.0 84.0 86.0 90.0 83.0 85.0 99.0 67.0 82.0 42.0 54.0 128.0 x 25.0 26.0 48.0 66.0 14.0 x 71.0 48.0 62.0 63.0 63.0 x 71.0 71.0 70.0 43.0 x 43.0 36.0 67.0 55.0 x x x 87.0 62.0 70.0 14.0 x x 16.0 33.0 90.0 60.0 108.0 63.0 84.0 48.0 49.0 50.0 74.0 48.0 90.0 45.0 x 67.0 80.0 x 99.0 47.0 75.0 101.0 56.0 x 42.0 x 52.0 94.0 x x x 40.0 78.0 
60.0 43.0 89.0 119.0 x x 132.0 72.0 92.0 67.0 78.0 78.0 86.0 87.0 105.0 105.0 x 82.0 53.0 x 95.0 84.0 99.0 84.0 x 82.0 33.0 37.0 x 107.0 121.0 x 46.0 90.0 60.0 x 78.0 75.0 74.0 82.0 x 67.0 78.0 87.0 70.0 84.0 90.0 x 84.0 69.0 x x 91.0 49.0 65.0 64.0 75.0 90.0 67.0 75.0 75.0 72.0 74.0 76.0 67.0 x 99.0 x 85.0 99.0 x 135.0 10.0 88.0 76.0 90.0 x x 96.0 111.0 79.0 64.0 58.0 79.0 69.0 108.0 53.0 87.0 136.0 89.0 73.0 x x 80.0 96.0 77.0 x 79.0 74.0 81.0 
81.0 56.0 6.0 93.0 x 106.0 x 65.0 66.0 55.0 x 70.0 66.0 52.0 84.0 x 53.0 77.0 45.0 95.0 x 76.0 71.0 72.0 x x 108.0 132.0 93.0 97.0 100.0 88.0 93.0 59.0 53.0 163.0 71.0 57.0 71.0 x x 59.0 89.0 78.0 55.0 69.0 49.0 64.0 56.0 78.0 x 86.0 54.0 x 53.0 46.0 74.0 81.0 49.0 63.0 x 94.0 63.0 x x 82.0 10.0 61.0 40.0 96.0 82.0 94.0 85.0 85.0 58.0 63.0 x 60.0 49.0 106.0 61.0 75.0 66.0 87.0 78.0 65.0 46.0 82.0 113.0 63.0 72.0 58.0 x 68.0 102.0 70.0 23.0 76.0 56.0 x 
70.0 56.0 70.0 107.0 42.0 98.0 110.0 65.0 103.0 44.0 55.0 x 79.0 x 106.0 90.0 67.0 x 31.0 84.0 76.0 x 70.0 61.0 74.0 86.0 112.0 121.0 82.0 x x 73.0 113.0 x 53.0 x 70.0 24.0 57.0 47.0 x 45.0 78.0 x x 61.0 x 68.0 55.0 73.0 86.0 69.0 x 76.0 42.0 x 67.0 x 32.0 60.0 46.0 90.0 82.0 69.0 45.0 x 84.0 15.0 x 101.0 81.0 x 89.0 112.0 x 80.0 x 73.0 73.0 89.0 44.0 80.0 66.0 83.0 x 98.0 46.0 x 122.0 x x 41.0 x x 101.0 78.0 53.0 89.0 39.0 85.0 
70.0 x 74.0 107.0 x x 78.0 60.0 63.0 44.0 55.0 81.0 73.0 59.0 66.0 56.0 27.0 37.0 63.0 99.0 71.0 70.0 x 54.0 71.0 49.0 x 136.0 82.0 90.0 82.0 x 92.0 67.0 53.0 x 27.0 46.0 78.0 53.0 92.0 77.0 61.0 49.0 47.0 61.0 22.0 68.0 15.0 36.0 81.0 70.0 34.0 80.0 42.0 35.0 30.0 40.0 38.0 60.0 46.0 66.0 72.0 x 49.0 44.0 81.0 55.0 x 94.0 41.0 x 89.0 x x 62.0 35.0 33.0 39.0 66.0 50.0 43.0 56.0 59.0 67.0 87.0 46.0 x 82.0 70.0 79.0 47.0 55.0 57.0 31.0 44.0 x 30.0 x 61.0 
x 47.0 66.0 98.0 33.0 83.0 87.0 x 47.0 21.0 32.0 x 57.0 43.0 88.0 81.0 52.0 57.0 31.0 84.0 72.0 61.0 54.0 x 51.0 60.0 97.0 121.0 59.0 80.0 86.0 36.0 76.0 44.0 x x 55.0 37.0 55.0 44.0 77.0 45.0 45.0 64.0 24.0 38.0 46.0 x x 47.0 40.0 x x 71.0 19.0 26.0 52.0 24.0 x 37.0 x 71.0 73.0 60.0 x 10.0 75.0 46.0 39.0 x x 89.0 x 91.0 38.0 46.0 x 57.0 50.0 66.0 41.0 x 57.0 x 58.0 75.0 37.0 63.0 70.0 54.0 63.0 38.0 x 34.0 85.0 55.0 49.0 55.0 36.0 62.0 
60.0 54.0 x 48.0 x 70.0 100.0 69.0 98.0 30.0 45.0 86.0 x 64.0 x 94.0 65.0 x 69.0 x x 74.0 71.0 51.0 x 89.0 86.0 110.0 x 94.0 x 67.0 99.0 27.0 57.0 167.0 x x 64.0 57.0 x 76.0 88.0 57.0 37.0 51.0 66.0 42.0 59.0 76.0 x x 58.0 60.0 32.0 x 76.0 x 42.0 50.0 50.0 54.0 86.0 x 55.0 61.0 x x 52.0 105.0 80.0 111.0 63.0 x 51.0 75.0 70.0 77.0 63.0 99.0 54.0 75.0 70.0 47.0 71.0 x 50.0 90.0 121.0 x 84.0 51.0 68.0 17.0 83.0 68.0 x 90.0 49.0 49.0 
x 78.0 85.0 129.0 64.0 71.0 x 68.0 x 59.0 44.0 87.0 73.0 63.0 95.0 105.0 60.0 26.0 84.0 82.0 x 86.0 49.0 60.0 89.0 x 94.0 x x 102.0 111.0 x x x 75.0 155.0 x 62.0 93.0 69.0 71.0 98.0 62.0 38.0 52.0 66.0 46.0 90.0 53.0 13.0 x 75.0 53.0 91.0 57.0 57.0 19.0 41.0 54.0 x x 55.0 83.0 73.0 76.0 x 101.0 x 51.0 91.0 36.0 91.0 72.0 80.0 61.0 67.0 x x 48.0 55.0 66.0 x x 48.0 x 64.0 x 33.0 77.0 70.0 83.0 63.0 61.0 72.0 80.0 x 68.0 35.0 61.0 50.0 
93.0 56.0 102.0 x 70.0 69.0 x 85.0 125.0 x x x 95.0 81.0 118.0 118.0 92.0 82.0 86.0 33.0 108.0 112.0 x 97.0 86.0 94.0 x 70.0 118.0 120.0 x 115.0 59.0 x 73.0 127.0 x 88.0 87.0 x 26.0 x 91.0 56.0 83.0 97.0 x 44.0 97.0 81.0 98.0 117.0 85.0 62.0 78.0 77.0 x 103.0 x 88.0 88.0 39.0 101.0 83.0 93.0 x 112.0 x 93.0 112.0 x 122.0 23.0 101.0 89.0 92.0 98.0 x 90.0 111.0 92.0 77.0 85.0 46.0 102.0 x 66.0 x 103.0 x x x 85.0 x 82.0 89.0 85.0 92.0 x 48.0 
97.0 x 126.0 156.0 94.0 139.0 x 109.0 129.0 104.0 115.0 115.0 123.0 124.0 76.0 142.0 126.0 119.0 90.0 37.0 132.0 121.0 136.0 121.0 110.0 x 70.0 x 142.0 x 92.0 139.0 83.0 x 97.0 57.0 115.0 112.0 111.0 x 50.0 104.0 x 124.0 107.0 121.0 127.0 x 121.0 106.0 130.0 141.0 x 86.0 102.0 101.0 112.0 127.0 x x 112.0 x 111.0 113.0 104.0 x x 106.0 x 104.0 132.0 x x x 113.0 127.0 122.0 118.0 133.0 148.0 x 101.0 95.0 116.0 106.0 x 90.0 124.0 x 126.0 x 113.0 120.0 117.0 x 114.0 109.0 116.0 111.0 118.0 
68.0 68.0 87.0 54.0 54.0 104.0 108.0 77.0 x 42.0 53.0 98.0 66.0 52.0 x 102.0 73.0 78.0 83.0 x 93.0 82.0 82.0 59.0 x x 118.0 142.0 x 22.0 107.0 93.0 x 65.0 65.0 173.0 88.0 58.0 76.0 x 98.0 88.0 96.0 85.0 45.0 59.0 x 74.0 67.0 84.0 98.0 x x 92.0 40.0 47.0 85.0 81.0 50.0 x 58.0 92.0 94.0 81.0 78.0 69.0 x 67.0 60.0 x 86.0 119.0 95.0 108.0 59.0 63.0 x 85.0 71.0 107.0 62.0 91.0 78.0 85.0 79.0 96.0 58.0 x 114.0 63.0 72.0 59.0 x 55.0 113.0 76.0 x 106.0 57.0 x 
90.0 x 91.0 76.0 58.0 x 105.0 x 89.0 64.0 64.0 107.0 59.0 45.0 108.0 86.0 95.0 80.0 85.0 107.0 97.0 x 90.0 80.0 94.0 102.0 120.0 x 22.0 x x 78.0 78.0 87.0 61.0 171.0 88.0 60.0 95.0 67.0 100.0 99.0 87.0 90.0 67.0 81.0 x 76.0 75.0 89.0 94.0 89.0 88.0 x 62.0 55.0 87.0 66.0 52.0 76.0 63.0 87.0 90.0 77.0 x 70.0 92.0 69.0 57.0 x 71.0 127.0 97.0 93.0 67.0 48.0 61.0 93.0 x 109.0 64.0 82.0 74.0 80.0 87.0 118.0 54.0 99.0 112.0 56.0 x 61.0 41.0 x 97.0 87.0 74.0 97.0 59.0 78.0 
95.0 95.0 94.0 x x 121.0 77.0 104.0 113.0 69.0 x x 82.0 x 16.0 129.0 100.0 105.0 99.0 121.0 100.0 x 82.0 86.0 x 111.0 x 92.0 107.0 x x 102.0 x 92.0 92.0 149.0 x 77.0 103.0 92.0 114.0 x 101.0 105.0 62.0 48.0 74.0 x 67.0 100.0 x 114.0 93.0 72.0 67.0 74.0 x 80.0 77.0 85.0 85.0 109.0 117.0 76.0 85.0 94.0 94.0 86.0 67.0 44.0 75.0 x 111.0 x 75.0 90.0 x 85.0 x 114.0 89.0 93.0 x 102.0 86.0 123.0 85.0 85.0 116.0 x 99.0 86.0 x 82.0 x 93.0 77.0 x x 100.0 
83.0 x 82.0 115.0 64.0 x 86.0 82.0 x 57.0 60.0 63.0 55.0 41.0 x 108.0 35.0 x 67.0 x 88.0 73.0 x 36.0 67.0 x 115.0 139.0 93.0 78.0 102.0 x 74.0 x x x 54.0 68.0 85.0 74.0 x x 43.0 x x x 44.0 89.0 37.0 45.0 74.0 92.0 42.0 88.0 55.0 57.0 51.0 22.0 60.0 73.0 68.0 83.0 94.0 91.0 57.0 26.0 98.0 x 53.0 78.0 27.0 87.0 92.0 89.0 45.0 44.0 17.0 55.0 47.0 x 72.0 38.0 78.0 76.0 64.0 x 68.0 60.0 68.0 52.0 61.0 69.0 x 58.0 83.0 x 65.0 52.0 67.0 74.0 
88.0 69.0 87.0 147.0 x 95.0 101.0 x 85.0 75.0 60.0 103.0 55.0 41.0 104.0 131.0 100.0 94.0 82.0 46.0 93.0 113.0 92.0 76.0 99.0 x 59.0 83.0 x 78.0 x 74.0 x 98.0 86.0 140.0 84.0 x x x 33.0 96.0 83.0 x 68.0 82.0 x 57.0 77.0 85.0 x 106.0 99.0 75.0 73.0 x x 62.0 83.0 x 82.0 83.0 110.0 96.0 x 66.0 103.0 98.0 53.0 78.0 67.0 127.0 x 89.0 x 44.0 x x 96.0 122.0 95.0 78.0 99.0 76.0 67.0 122.0 79.0 74.0 108.0 52.0 61.0 92.0 37.0 x x 83.0 70.0 66.0 90.0 74.0 
53.0 53.0 x 75.0 39.0 89.0 93.0 62.0 90.0 23.0 38.0 67.0 71.0 57.0 96.0 87.0 50.0 63.0 42.0 90.0 59.0 x 67.0 44.0 27.0 x x x 65.0 87.0 92.0 x 98.0 x 50.0 x 73.0 43.0 57.0 50.0 83.0 56.0 81.0 x 30.0 x 59.0 59.0 52.0 69.0 83.0 72.0 51.0 59.0 25.0 x 70.0 67.0 35.0 43.0 43.0 77.0 x 66.0 28.0 x 69.0 52.0 45.0 x 72.0 x 80.0 98.0 44.0 63.0 62.0 x 56.0 x 47.0 76.0 x 70.0 x 57.0 43.0 83.0 113.0 68.0 77.0 x 61.0 10.0 98.0 61.0 36.0 x 42.0 68.0 
53.0 17.0 58.0 76.0 11.0 76.0 81.0 26.0 70.0 27.0 38.0 70.0 40.0 54.0 76.0 59.0 x 49.0 54.0 60.0 53.0 53.0 53.0 x 57.0 75.0 73.0 97.0 65.0 61.0 92.0 x 86.0 50.0 x 124.0 59.0 29.0 48.0 36.0 53.0 60.0 52.0 56.0 30.0 44.0 x 29.0 x 62.0 47.0 58.0 x 47.0 25.0 18.0 x x 21.0 15.0 29.0 46.0 43.0 16.0 x 54.0 53.0 38.0 x x x 90.0 x 59.0 30.0 65.0 58.0 x 56.0 x 33.0 69.0 27.0 53.0 50.0 81.0 7.0 70.0 105.0 43.0 65.0 30.0 58.0 x 84.0 61.0 41.0 78.0 x 55.0 
154.0 127.0 167.0 119.0 121.0 159.0 174.0 136.0 x 137.0 148.0 153.0 150.0 153.0 133.0 x 164.0 152.0 128.0 x 163.0 x x x 167.0 155.0 127.0 57.0 173.0 171.0 149.0 x 140.0 x 124.0 x 148.0 139.0 x 146.0 x 142.0 145.0 126.0 140.0 154.0 131.0 125.0 138.0 x 157.0 98.0 161.0 x 135.0 128.0 x 124.0 131.0 139.0 139.0 143.0 x 140.0 142.0 138.0 163.0 144.0 155.0 161.0 119.0 97.0 104.0 150.0 x 156.0 129.0 120.0 166.0 181.0 x 150.0 97.0 136.0 160.0 184.0 x 146.0 78.0 153.0 167.0 x 149.0 150.0 172.0 x 150.0 x 138.0 138.0 
x x 65.0 x 48.0 55.0 65.0 52.0 65.0 50.0 38.0 x 57.0 43.0 82.0 83.0 38.0 10.0 x 78.0 71.0 70.0 27.0 55.0 x x x 115.0 88.0 88.0 x 54.0 84.0 73.0 59.0 148.0 x 46.0 80.0 53.0 67.0 78.0 63.0 22.0 46.0 x 42.0 x 42.0 9.0 73.0 x 31.0 71.0 x 41.0 3.0 42.0 38.0 x 52.0 39.0 67.0 51.0 56.0 45.0 x 55.0 31.0 83.0 47.0 87.0 68.0 76.0 50.0 54.0 37.0 53.0 26.0 39.0 x 16.0 51.0 x 56.0 x x 11.0 88.0 x 61.0 x 47.0 63.0 58.0 17.0 x 19.0 x 34.0 
46.0 32.0 51.0 83.0 x 74.0 x x 79.0 20.0 31.0 50.0 55.0 50.0 x 66.0 51.0 36.0 25.0 75.0 57.0 24.0 46.0 37.0 x 62.0 88.0 112.0 58.0 60.0 77.0 68.0 x 43.0 29.0 139.0 46.0 x 51.0 23.0 x x 54.0 49.0 23.0 37.0 38.0 x x 49.0 62.0 45.0 44.0 x 18.0 11.0 43.0 56.0 8.0 36.0 22.0 66.0 58.0 45.0 39.0 47.0 60.0 9.0 38.0 77.0 57.0 83.0 65.0 88.0 23.0 61.0 51.0 x 49.0 x 20.0 56.0 42.0 59.0 43.0 74.0 22.0 x 98.0 58.0 68.0 17.0 54.0 33.0 77.0 54.0 34.0 65.0 15.0 61.0 
x 31.0 x x x x 104.0 60.0 96.0 34.0 x 22.0 74.0 68.0 x x 62.0 74.0 26.0 74.0 71.0 57.0 78.0 55.0 64.0 93.0 87.0 111.0 76.0 95.0 103.0 85.0 x 57.0 48.0 x 80.0 51.0 x x x 12.0 66.0 x x x 70.0 43.0 63.0 80.0 81.0 77.0 62.0 61.0 36.0 43.0 81.0 73.0 46.0 54.0 x 88.0 74.0 64.0 40.0 59.0 x 42.0 56.0 96.0 78.0 x 64.0 100.0 55.0 x x 81.0 67.0 x 58.0 87.0 58.0 81.0 75.0 92.0 41.0 91.0 119.0 77.0 79.0 55.0 72.0 x 109.0 x 48.0 x 53.0 79.0 
53.0 39.0 58.0 90.0 25.0 81.0 93.0 48.0 85.0 27.0 x 73.0 62.0 57.0 89.0 x 58.0 43.0 48.0 82.0 x 47.0 53.0 44.0 57.0 69.0 x x x 67.0 92.0 74.0 x 50.0 36.0 146.0 53.0 23.0 x x 75.0 62.0 31.0 56.0 30.0 44.0 x 51.0 38.0 56.0 56.0 52.0 51.0 64.0 25.0 18.0 50.0 52.0 15.0 43.0 29.0 73.0 x 52.0 x x 67.0 32.0 45.0 84.0 57.0 90.0 72.0 95.0 x x x 56.0 56.0 72.0 3.0 x 49.0 66.0 x 81.0 29.0 64.0 98.0 65.0 77.0 6.0 61.0 40.0 x 61.0 x 72.0 22.0 68.0 
73.0 36.0 82.0 114.0 50.0 90.0 x x 100.0 60.0 71.0 89.0 x 74.0 98.0 98.0 86.0 71.0 66.0 x x x 92.0 77.0 x 71.0 26.0 50.0 98.0 100.0 114.0 x 33.0 83.0 53.0 x 67.0 x x 75.0 x 79.0 x 77.0 63.0 77.0 x 24.0 x 58.0 86.0 97.0 83.0 42.0 58.0 57.0 64.0 x 60.0 68.0 68.0 65.0 82.0 69.0 73.0 81.0 92.0 77.0 78.0 92.0 82.0 x 3.0 x 69.0 77.0 72.0 x 88.0 100.0 x 51.0 66.0 67.0 82.0 95.0 46.0 x 123.0 82.0 x x 70.0 73.0 103.0 66.0 65.0 66.0 x 69.0 
76.0 43.0 53.0 x x x x 72.0 92.0 46.0 54.0 34.0 x 59.0 x 105.0 50.0 75.0 14.0 67.0 59.0 45.0 77.0 45.0 76.0 98.0 x 104.0 88.0 99.0 x x 96.0 56.0 60.0 142.0 78.0 x 12.0 62.0 79.0 x 78.0 85.0 x 62.0 77.0 55.0 70.0 85.0 85.0 84.0 57.0 59.0 x 50.0 81.0 x 47.0 x 48.0 x 76.0 76.0 28.0 55.0 69.0 30.0 47.0 104.0 x 122.0 76.0 x 62.0 63.0 x x 62.0 104.0 59.0 85.0 70.0 93.0 82.0 104.0 53.0 89.0 115.0 x 79.0 56.0 63.0 59.0 108.0 77.0 36.0 89.0 54.0 91.0 
84.0 35.0 x 114.0 49.0 104.0 110.0 64.0 54.0 58.0 x 72.0 x 50.0 x x 78.0 x x 78.0 89.0 78.0 61.0 45.0 88.0 62.0 91.0 x 96.0 87.0 101.0 43.0 83.0 81.0 52.0 145.0 63.0 54.0 66.0 31.0 x 78.0 x 79.0 61.0 75.0 53.0 47.0 46.0 54.0 x x x x 56.0 x x 21.0 46.0 67.0 54.0 92.0 81.0 68.0 74.0 35.0 91.0 63.0 x 87.0 26.0 86.0 68.0 98.0 54.0 53.0 26.0 x 87.0 x 34.0 47.0 65.0 x 63.0 x 45.0 x 67.0 61.0 70.0 37.0 46.0 71.0 x 62.0 66.0 62.0 x 83.0 
73.0 x 72.0 x 45.0 33.0 75.0 30.0 81.0 47.0 45.0 96.0 59.0 45.0 x 85.0 60.0 x 71.0 87.0 78.0 x 49.0 64.0 57.0 38.0 56.0 124.0 85.0 90.0 105.0 x x x 56.0 126.0 22.0 49.0 x 56.0 77.0 85.0 79.0 x 50.0 x 58.0 71.0 58.0 x x x x 78.0 45.0 38.0 19.0 58.0 41.0 63.0 49.0 17.0 45.0 47.0 x x x 58.0 38.0 79.0 63.0 x 79.0 90.0 50.0 56.0 x 52.0 48.0 55.0 x 32.0 29.0 10.0 70.0 58.0 49.0 33.0 104.0 56.0 65.0 50.0 49.0 60.0 46.0 33.0 x 41.0 48.0 12.0 
33.0 33.0 49.0 84.0 19.0 59.0 63.0 42.0 x 7.0 8.0 63.0 41.0 27.0 66.0 x 38.0 43.0 48.0 70.0 55.0 x 47.0 24.0 37.0 52.0 83.0 107.0 45.0 67.0 62.0 x 68.0 30.0 30.0 140.0 46.0 23.0 x 30.0 63.0 x 61.0 50.0 x 14.0 39.0 39.0 x 39.0 63.0 52.0 31.0 x 5.0 12.0 45.0 48.0 15.0 x 23.0 47.0 59.0 46.0 40.0 34.0 x 32.0 15.0 72.0 53.0 84.0 60.0 83.0 24.0 38.0 x 50.0 x x x 46.0 x 40.0 44.0 61.0 23.0 x 94.0 38.0 47.0 x x 20.0 72.0 31.0 32.0 x 22.0 38.0 
47.0 47.0 63.0 98.0 33.0 73.0 x 56.0 85.0 21.0 22.0 77.0 34.0 41.0 64.0 81.0 52.0 57.0 62.0 84.0 69.0 61.0 61.0 38.0 51.0 66.0 97.0 121.0 59.0 81.0 48.0 x 82.0 x 44.0 154.0 x 37.0 x 44.0 77.0 62.0 75.0 x 14.0 x 53.0 53.0 46.0 53.0 77.0 66.0 45.0 69.0 x 26.0 59.0 62.0 x x x 61.0 73.0 60.0 54.0 48.0 x 46.0 x 86.0 67.0 98.0 74.0 81.0 38.0 52.0 x x 50.0 86.0 41.0 60.0 x 54.0 58.0 75.0 37.0 71.0 108.0 37.0 61.0 38.0 45.0 34.0 x 45.0 46.0 x x 52.0 
62.0 48.0 55.0 96.0 34.0 91.0 94.0 52.0 55.0 x 47.0 73.0 65.0 x 58.0 77.0 x 46.0 63.0 90.0 49.0 x 22.0 46.0 66.0 46.0 x 127.0 x x 74.0 44.0 x 59.0 x 131.0 42.0 38.0 70.0 x x 77.0 53.0 58.0 39.0 53.0 x 60.0 7.0 33.0 73.0 67.0 56.0 73.0 x 27.0 39.0 32.0 30.0 42.0 38.0 75.0 50.0 x 58.0 36.0 59.0 47.0 x 76.0 33.0 45.0 x 65.0 x 54.0 27.0 11.0 55.0 x 42.0 26.0 34.0 68.0 59.0 x 38.0 x x 62.0 71.0 39.0 47.0 49.0 x 41.0 50.0 41.0 37.0 x 
62.0 12.0 x x x x 101.0 41.0 x 36.0 x x 55.0 66.0 74.0 74.0 67.0 64.0 63.0 x 64.0 68.0 68.0 x 42.0 90.0 44.0 x 74.0 76.0 x 89.0 57.0 59.0 29.0 125.0 x x 43.0 51.0 24.0 55.0 47.0 71.0 39.0 53.0 60.0 x 53.0 77.0 62.0 73.0 60.0 18.0 34.0 33.0 71.0 68.0 36.0 44.0 44.0 x 58.0 45.0 49.0 63.0 x x 54.0 68.0 73.0 105.0 21.0 x 45.0 77.0 72.0 65.0 65.0 88.0 48.0 75.0 42.0 79.0 x 90.0 22.0 85.0 114.0 58.0 x 45.0 x 49.0 99.0 70.0 41.0 90.0 43.0 77.0 
55.0 41.0 60.0 92.0 27.0 89.0 93.0 45.0 48.0 29.0 40.0 66.0 58.0 44.0 51.0 71.0 x 51.0 x 84.0 56.0 55.0 15.0 x 59.0 53.0 97.0 121.0 67.0 75.0 67.0 37.0 77.0 52.0 x 138.0 42.0 x 63.0 38.0 x 70.0 46.0 58.0 x 46.0 7.0 53.0 x 40.0 66.0 60.0 49.0 x 27.0 20.0 x 25.0 23.0 45.0 31.0 x 57.0 54.0 51.0 29.0 x 40.0 47.0 79.0 26.0 52.0 x 68.0 8.0 47.0 20.0 18.0 54.0 80.0 x x 41.0 x x 77.0 31.0 53.0 x 55.0 64.0 32.0 40.0 x 46.0 48.0 43.0 45.0 30.0 70.0 
72.0 x 72.0 116.0 51.0 58.0 74.0 55.0 56.0 46.0 31.0 74.0 60.0 50.0 x 92.0 47.0 13.0 71.0 69.0 78.0 73.0 36.0 47.0 76.0 13.0 81.0 106.0 84.0 89.0 100.0 45.0 85.0 69.0 62.0 x 9.0 49.0 80.0 56.0 58.0 85.0 54.0 x 39.0 53.0 33.0 77.0 40.0 x 76.0 62.0 40.0 78.0 44.0 44.0 6.0 33.0 41.0 62.0 55.0 42.0 70.0 60.0 x x 88.0 x 38.0 78.0 x 78.0 59.0 67.0 x 55.0 x 44.0 35.0 42.0 53.0 7.0 54.0 35.0 47.0 51.0 55.0 20.0 79.0 x 70.0 50.0 48.0 59.0 67.0 8.0 55.0 22.0 48.0 x 
86.0 50.0 91.0 x 44.0 84.0 123.0 21.0 85.0 60.0 71.0 x x x x 92.0 91.0 77.0 71.0 x x 86.0 81.0 40.0 x x 98.0 130.0 98.0 94.0 x 74.0 x 83.0 47.0 157.0 73.0 62.0 81.0 56.0 86.0 85.0 x x 63.0 77.0 73.0 62.0 66.0 76.0 x 91.0 84.0 80.0 58.0 51.0 70.0 52.0 54.0 x x 68.0 76.0 63.0 82.0 50.0 86.0 71.0 75.0 95.0 57.0 117.0 83.0 x 58.0 74.0 57.0 83.0 89.0 106.0 59.0 78.0 x 61.0 83.0 109.0 40.0 84.0 98.0 52.0 83.0 62.0 67.0 73.0 97.0 74.0 74.0 92.0 60.0 63.0 
75.0 x 80.0 112.0 47.0 103.0 115.0 70.0 104.0 x 60.0 95.0 84.0 79.0 111.0 x 80.0 65.0 70.0 x 86.0 69.0 70.0 x x 75.0 117.0 141.0 x 89.0 114.0 92.0 106.0 72.0 58.0 98.0 x 45.0 77.0 52.0 97.0 84.0 x x 52.0 66.0 67.0 73.0 60.0 62.0 91.0 x x x 47.0 40.0 62.0 81.0 37.0 x x x 87.0 x 71.0 76.0 89.0 54.0 67.0 106.0 x 112.0 x 115.0 52.0 90.0 76.0 78.0 x 94.0 49.0 55.0 71.0 88.0 72.0 x 51.0 48.0 127.0 87.0 98.0 46.0 83.0 62.0 101.0 70.0 63.0 40.0 x 90.0 
54.0 54.0 48.0 x 40.0 x 44.0 63.0 87.0 28.0 39.0 68.0 72.0 58.0 92.0 x 7.0 41.0 43.0 91.0 54.0 x 34.0 x 58.0 53.0 85.0 x x 88.0 93.0 42.0 99.0 51.0 x 161.0 31.0 44.0 62.0 51.0 83.0 57.0 x x 31.0 45.0 56.0 60.0 49.0 40.0 84.0 x x x 26.0 33.0 34.0 64.0 36.0 44.0 43.0 46.0 71.0 x x 55.0 64.0 53.0 46.0 77.0 x x 81.0 88.0 45.0 64.0 59.0 67.0 5.0 70.0 48.0 47.0 64.0 53.0 x 60.0 44.0 32.0 x 69.0 78.0 x 62.0 41.0 65.0 48.0 31.0 x 43.0 x 
80.0 30.0 40.0 x 44.0 106.0 83.0 59.0 x x 47.0 x x 52.0 56.0 92.0 53.0 x x 49.0 x 76.0 80.0 71.0 60.0 91.0 62.0 86.0 92.0 x 72.0 88.0 75.0 59.0 47.0 x 71.0 x 61.0 64.0 42.0 59.0 x 78.0 x 69.0 73.0 18.0 x 78.0 80.0 x x x 52.0 46.0 74.0 81.0 x x x 93.0 63.0 63.0 31.0 81.0 56.0 61.0 40.0 50.0 86.0 118.0 39.0 39.0 58.0 x 76.0 x 49.0 106.0 61.0 85.0 60.0 87.0 78.0 x 40.0 82.0 127.0 x 72.0 58.0 x 67.0 x 70.0 23.0 76.0 56.0 85.0 
28.0 x 47.0 79.0 14.0 64.0 68.0 37.0 66.0 2.0 13.0 58.0 46.0 x 71.0 62.0 x 38.0 43.0 65.0 53.0 42.0 42.0 19.0 32.0 57.0 78.0 102.0 40.0 62.0 67.0 55.0 73.0 25.0 25.0 135.0 x 18.0 36.0 25.0 58.0 x 56.0 45.0 5.0 x x 34.0 27.0 44.0 58.0 47.0 26.0 52.0 x 7.0 45.0 43.0 10.0 18.0 x 52.0 54.0 41.0 38.0 x 56.0 27.0 20.0 73.0 x x 55.0 84.0 x 43.0 x 45.0 x 67.0 22.0 51.0 x 45.0 39.0 56.0 18.0 58.0 89.0 x 52.0 x 36.0 15.0 73.0 36.0 30.0 x 17.0 43.0 
x 21.0 40.0 72.0 7.0 x 75.0 30.0 68.0 9.0 x 61.0 44.0 x x x 40.0 31.0 36.0 64.0 46.0 x 35.0 26.0 x 57.0 77.0 101.0 47.0 55.0 74.0 57.0 x x 18.0 128.0 41.0 11.0 43.0 18.0 57.0 50.0 x 38.0 12.0 26.0 27.0 33.0 20.0 44.0 51.0 40.0 33.0 46.0 7.0 x 38.0 45.0 3.0 25.0 11.0 x 47.0 34.0 31.0 36.0 49.0 20.0 27.0 66.0 46.0 72.0 54.0 77.0 12.0 50.0 40.0 38.0 38.0 60.0 15.0 x 31.0 48.0 32.0 x 11.0 52.0 87.0 x 59.0 12.0 x 22.0 66.0 x 23.0 60.0 10.0 50.0 
73.0 59.0 x 110.0 45.0 52.0 68.0 49.0 62.0 47.0 37.0 x 54.0 x 85.0 86.0 41.0 7.0 67.0 75.0 74.0 67.0 30.0 52.0 76.0 19.0 x 112.0 85.0 87.0 x 51.0 x 70.0 x x 3.0 43.0 81.0 50.0 64.0 81.0 x 19.0 45.0 59.0 39.0 71.0 x 6.0 70.0 62.0 34.0 74.0 45.0 38.0 x 39.0 x 63.0 x x x x 59.0 42.0 84.0 x 34.0 84.0 44.0 84.0 65.0 73.0 50.0 57.0 x 50.0 29.0 x 47.0 13.0 x 29.0 53.0 57.0 49.0 14.0 x 51.0 64.0 44.0 50.0 60.0 61.0 14.0 51.0 x x 31.0 
71.0 56.0 75.0 x 52.0 83.0 89.0 70.0 33.0 45.0 48.0 51.0 43.0 29.0 x 96.0 57.0 46.0 55.0 90.0 81.0 x 40.0 24.0 x 41.0 103.0 127.0 81.0 66.0 80.0 22.0 62.0 67.0 x 124.0 42.0 56.0 73.0 52.0 x x 21.0 58.0 48.0 62.0 32.0 68.0 25.0 33.0 52.0 81.0 64.0 81.0 43.0 45.0 39.0 x 48.0 61.0 56.0 71.0 82.0 79.0 66.0 14.0 89.0 65.0 41.0 66.0 5.0 65.0 x 77.0 33.0 32.0 5.0 43.0 68.0 70.0 55.0 26.0 66.0 64.0 42.0 x x 49.0 46.0 x 49.0 57.0 25.0 x 71.0 41.0 58.0 41.0 55.0 62.0 
38.0 24.0 43.0 75.0 10.0 66.0 78.0 x 71.0 12.0 23.0 x 47.0 x 74.0 58.0 43.0 28.0 x 67.0 49.0 32.0 38.0 x 42.0 54.0 x x 50.0 52.0 77.0 60.0 83.0 35.0 21.0 131.0 38.0 8.0 46.0 15.0 60.0 47.0 46.0 41.0 15.0 x 30.0 36.0 23.0 41.0 54.0 37.0 36.0 x 10.0 3.0 x 48.0 x 28.0 14.0 58.0 x x 34.0 39.0 52.0 17.0 30.0 x 49.0 75.0 57.0 80.0 15.0 53.0 x 41.0 x 57.0 12.0 48.0 x x 35.0 66.0 14.0 49.0 90.0 50.0 62.0 9.0 46.0 x x x 26.0 57.0 7.0 53.0 
46.0 32.0 57.0 x 26.0 x 86.0 41.0 55.0 20.0 x 76.0 55.0 50.0 x 74.0 51.0 56.0 x 75.0 63.0 60.0 60.0 37.0 50.0 x 88.0 x x 76.0 85.0 73.0 x 43.0 15.0 139.0 x 36.0 54.0 43.0 68.0 x 67.0 63.0 x x 42.0 44.0 45.0 62.0 x x 44.0 x 18.0 25.0 63.0 61.0 28.0 x 28.0 x 58.0 31.0 48.0 47.0 68.0 45.0 38.0 63.0 66.0 x 65.0 74.0 37.0 61.0 56.0 31.0 x 85.0 x x 42.0 63.0 57.0 74.0 22.0 x x 58.0 70.0 37.0 54.0 33.0 91.0 54.0 x 83.0 35.0 x 
46.0 32.0 29.0 x 18.0 80.0 77.0 41.0 79.0 20.0 31.0 x 55.0 41.0 73.0 66.0 42.0 x x 75.0 x 46.0 46.0 x 50.0 x 88.0 112.0 58.0 63.0 85.0 68.0 82.0 43.0 29.0 139.0 52.0 22.0 x 29.0 68.0 48.0 54.0 49.0 23.0 x 38.0 44.0 31.0 55.0 x x 43.0 x x 11.0 x 56.0 14.0 28.0 x 66.0 52.0 45.0 x 47.0 45.0 x 29.0 x x 83.0 65.0 74.0 23.0 x 51.0 49.0 38.0 71.0 26.0 62.0 42.0 x 43.0 74.0 x 63.0 x 52.0 61.0 23.0 x x 77.0 54.0 12.0 65.0 21.0 61.0 
80.0 63.0 88.0 102.0 57.0 30.0 90.0 47.0 94.0 54.0 55.0 110.0 56.0 42.0 104.0 82.0 53.0 43.0 87.0 72.0 94.0 90.0 66.0 71.0 54.0 55.0 39.0 x 92.0 87.0 109.0 83.0 83.0 77.0 46.0 143.0 39.0 66.0 88.0 73.0 65.0 x 92.0 17.0 47.0 61.0 75.0 x x 42.0 68.0 x 46.0 93.0 52.0 x x 71.0 58.0 x 66.0 x 62.0 44.0 75.0 x 99.0 75.0 54.0 76.0 76.0 x 62.0 87.0 67.0 53.0 66.0 69.0 51.0 x 70.0 49.0 46.0 7.0 x 55.0 53.0 50.0 117.0 53.0 x 67.0 46.0 67.0 43.0 50.0 71.0 58.0 x x 
82.0 46.0 57.0 92.0 40.0 78.0 93.0 55.0 105.0 56.0 64.0 87.0 69.0 x 101.0 88.0 70.0 x 62.0 74.0 63.0 82.0 72.0 73.0 86.0 83.0 101.0 111.0 94.0 90.0 117.0 94.0 110.0 x 43.0 x 67.0 58.0 74.0 x 82.0 76.0 81.0 45.0 59.0 73.0 50.0 58.0 57.0 70.0 76.0 87.0 71.0 63.0 54.0 47.0 x 82.0 x 58.0 52.0 62.0 x 59.0 x 83.0 73.0 67.0 57.0 91.0 83.0 95.0 79.0 x x x 77.0 39.0 66.0 100.0 x 76.0 16.0 x 79.0 103.0 36.0 78.0 114.0 72.0 89.0 59.0 73.0 69.0 x 78.0 40.0 86.0 57.0 57.0 
69.0 33.0 74.0 x x 60.0 65.0 42.0 x 43.0 54.0 x 56.0 55.0 60.0 75.0 74.0 61.0 70.0 76.0 x 69.0 x 60.0 x 73.0 83.0 113.0 81.0 77.0 76.0 91.0 96.0 66.0 16.0 140.0 51.0 45.0 64.0 52.0 69.0 76.0 68.0 47.0 46.0 60.0 x 45.0 54.0 60.0 63.0 x x 63.0 41.0 34.0 x 79.0 x 31.0 45.0 44.0 59.0 x 65.0 70.0 69.0 54.0 61.0 32.0 80.0 106.0 66.0 43.0 x x 74.0 62.0 72.0 90.0 49.0 67.0 43.0 37.0 55.0 85.0 23.0 62.0 121.0 59.0 75.0 46.0 x 56.0 73.0 68.0 57.0 70.0 44.0 39.0 
66.0 x 25.0 103.0 38.0 91.0 73.0 61.0 89.0 40.0 32.0 39.0 51.0 37.0 69.0 86.0 22.0 x 14.0 67.0 x 45.0 49.0 x 55.0 76.0 93.0 104.0 78.0 x 85.0 57.0 x 28.0 x 142.0 56.0 39.0 40.0 x 73.0 28.0 74.0 x 40.0 54.0 58.0 49.0 51.0 x 82.0 71.0 x 31.0 38.0 31.0 59.0 66.0 34.0 48.0 x 75.0 x 65.0 x 55.0 41.0 30.0 25.0 81.0 71.0 103.0 70.0 70.0 43.0 35.0 61.0 69.0 34.0 91.0 46.0 70.0 62.0 72.0 x 85.0 42.0 61.0 x 48.0 57.0 43.0 x 38.0 80.0 55.0 8.0 x 41.0 70.0 
57.0 57.0 76.0 108.0 43.0 x x 66.0 37.0 x 42.0 37.0 47.0 33.0 78.0 91.0 61.0 49.0 x x 82.0 x 44.0 10.0 61.0 x x x 69.0 70.0 94.0 26.0 66.0 x 54.0 138.0 45.0 47.0 59.0 x 81.0 55.0 35.0 x 34.0 48.0 36.0 63.0 29.0 x 50.0 76.0 55.0 81.0 x 36.0 42.0 14.0 39.0 47.0 47.0 x 83.0 70.0 55.0 x x x 45.0 70.0 19.0 79.0 84.0 81.0 37.0 36.0 9.0 47.0 60.0 56.0 51.0 30.0 67.0 68.0 x 74.0 47.0 53.0 60.0 44.0 53.0 x x 44.0 75.0 x x x 46.0 66.0 
75.0 x 16.0 103.0 42.0 116.0 84.0 65.0 56.0 58.0 57.0 80.0 76.0 62.0 94.0 90.0 63.0 x x 99.0 10.0 84.0 81.0 75.0 x 101.0 112.0 x x 92.0 94.0 98.0 103.0 69.0 53.0 163.0 x 60.0 x 67.0 92.0 69.0 91.0 x x x 59.0 x x 88.0 86.0 89.0 64.0 56.0 56.0 49.0 84.0 89.0 52.0 68.0 45.0 99.0 73.0 69.0 41.0 x x 69.0 50.0 101.0 92.0 104.0 89.0 95.0 61.0 73.0 84.0 70.0 59.0 109.0 64.0 x 66.0 97.0 x 75.0 46.0 92.0 x 73.0 x 61.0 66.0 x 112.0 80.0 33.0 86.0 59.0 95.0 
55.0 41.0 55.0 92.0 27.0 83.0 95.0 50.0 88.0 29.0 40.0 41.0 64.0 x 91.0 75.0 52.0 45.0 16.0 x 61.0 15.0 55.0 46.0 x x x 106.0 67.0 69.0 86.0 x 98.0 52.0 38.0 144.0 55.0 9.0 42.0 32.0 77.0 30.0 63.0 58.0 32.0 46.0 47.0 x 40.0 x 71.0 54.0 53.0 61.0 27.0 20.0 x 65.0 17.0 45.0 x 75.0 67.0 54.0 30.0 x 69.0 x 47.0 x 66.0 92.0 74.0 97.0 32.0 65.0 60.0 58.0 58.0 74.0 29.0 65.0 51.0 68.0 52.0 83.0 31.0 x 107.0 67.0 x x 63.0 42.0 86.0 63.0 38.0 74.0 x 70.0 
48.0 48.0 34.0 99.0 x 66.0 48.0 54.0 64.0 x 7.0 58.0 26.0 12.0 51.0 82.0 47.0 41.0 33.0 85.0 40.0 x x 39.0 52.0 51.0 93.0 x 60.0 57.0 67.0 53.0 53.0 45.0 x 155.0 31.0 38.0 56.0 45.0 78.0 47.0 x 38.0 15.0 x x 54.0 47.0 38.0 75.0 67.0 46.0 40.0 20.0 27.0 34.0 41.0 30.0 38.0 29.0 54.0 57.0 61.0 25.0 45.0 50.0 47.0 x 57.0 46.0 99.0 75.0 68.0 x 23.0 36.0 65.0 43.0 70.0 x 45.0 58.0 47.0 59.0 76.0 38.0 42.0 87.0 23.0 32.0 39.0 16.0 35.0 79.0 30.0 17.0 50.0 37.0 45.0 
78.0 65.0 90.0 x 59.0 92.0 33.0 74.0 89.0 75.0 64.0 107.0 59.0 45.0 28.0 107.0 84.0 91.0 90.0 99.0 96.0 101.0 94.0 x 105.0 91.0 112.0 104.0 x x 44.0 78.0 78.0 x x 161.0 83.0 77.0 96.0 84.0 92.0 104.0 87.0 79.0 72.0 86.0 76.0 68.0 79.0 78.0 95.0 106.0 77.0 50.0 73.0 66.0 84.0 66.0 x 63.0 x 76.0 91.0 32.0 81.0 70.0 101.0 x 57.0 x 71.0 121.0 89.0 11.0 x 48.0 61.0 87.0 72.0 70.0 81.0 x 75.0 69.0 87.0 x 55.0 x 109.0 56.0 x 78.0 41.0 88.0 105.0 x 73.0 86.0 76.0 71.0 
76.0 61.0 80.0 118.0 x 88.0 94.0 71.0 x 50.0 x 56.0 48.0 x 59.0 x 62.0 x 60.0 x 82.0 81.0 41.0 x 80.0 36.0 x 132.0 86.0 71.0 75.0 27.0 67.0 72.0 x 119.0 47.0 57.0 78.0 57.0 82.0 x 26.0 63.0 53.0 67.0 33.0 73.0 26.0 x 57.0 x x 86.0 x 46.0 44.0 5.0 49.0 66.0 x 76.0 83.0 80.0 71.0 19.0 92.0 66.0 46.0 71.0 x x 85.0 76.0 34.0 37.0 x 44.0 73.0 75.0 x 31.0 x 69.0 47.0 x 57.0 54.0 41.0 45.0 x x 30.0 63.0 72.0 46.0 63.0 46.0 56.0 67.0 
107.0 93.0 x 141.0 79.0 x 139.0 97.0 98.0 81.0 92.0 116.0 108.0 94.0 103.0 122.0 94.0 x 108.0 135.0 94.0 x x 89.0 111.0 91.0 122.0 x 119.0 127.0 x 87.0 127.0 x 90.0 97.0 87.0 83.0 x 90.0 x 122.0 86.0 x 84.0 98.0 45.0 105.0 52.0 78.0 117.0 112.0 x 118.0 x 72.0 84.0 65.0 75.0 x 83.0 x 95.0 106.0 103.0 79.0 104.0 92.0 99.0 121.0 x x 125.0 x 60.0 97.0 70.0 x x 120.0 87.0 71.0 x 113.0 80.0 115.0 83.0 94.0 19.0 105.0 x 84.0 90.0 94.0 98.0 86.0 95.0 86.0 82.0 115.0 
70.0 33.0 79.0 111.0 47.0 92.0 122.0 x 102.0 57.0 x 86.0 76.0 x x 95.0 83.0 72.0 63.0 10.0 85.0 89.0 89.0 x 63.0 72.0 23.0 x 95.0 97.0 111.0 92.0 x 80.0 x 104.0 68.0 65.0 64.0 72.0 3.0 76.0 68.0 79.0 60.0 74.0 x 21.0 x 59.0 83.0 x 81.0 39.0 55.0 54.0 65.0 x 57.0 65.0 65.0 62.0 79.0 66.0 70.0 84.0 89.0 74.0 75.0 89.0 85.0 125.0 x 78.0 66.0 80.0 75.0 86.0 86.0 101.0 x 54.0 63.0 69.0 79.0 x 43.0 77.0 126.0 79.0 x 66.0 73.0 x 105.0 67.0 62.0 x 64.0 71.0 
89.0 x 79.0 135.0 70.0 x 44.0 85.0 100.0 x 75.0 109.0 70.0 56.0 17.0 118.0 92.0 x 84.0 88.0 85.0 112.0 x 91.0 x 80.0 101.0 x 108.0 93.0 x 89.0 89.0 98.0 59.0 150.0 76.0 88.0 100.0 95.0 x x 98.0 90.0 83.0 81.0 65.0 x 68.0 67.0 x 115.0 88.0 39.0 84.0 77.0 73.0 77.0 80.0 74.0 74.0 87.0 x 43.0 70.0 81.0 95.0 97.0 68.0 11.0 76.0 x 78.0 x 76.0 59.0 72.0 76.0 83.0 81.0 92.0 60.0 86.0 80.0 87.0 104.0 66.0 83.0 117.0 67.0 76.0 89.0 52.0 99.0 x 75.0 x 75.0 87.0 82.0 
x 33.0 52.0 84.0 19.0 81.0 x 37.0 56.0 21.0 32.0 x 56.0 51.0 59.0 67.0 50.0 43.0 48.0 76.0 58.0 x x 38.0 51.0 61.0 89.0 113.0 59.0 67.0 75.0 45.0 x 44.0 30.0 x 50.0 23.0 55.0 x 69.0 62.0 54.0 50.0 24.0 38.0 x 45.0 8.0 x 58.0 52.0 45.0 58.0 x 12.0 50.0 33.0 15.0 37.0 23.0 67.0 x x 43.0 37.0 61.0 32.0 x x 34.0 60.0 66.0 76.0 x 55.0 28.0 x 50.0 72.0 27.0 41.0 43.0 60.0 44.0 75.0 x 61.0 75.0 59.0 71.0 24.0 48.0 34.0 54.0 x 35.0 53.0 22.0 62.0 
58.0 68.0 57.0 117.0 57.0 65.0 x 53.0 55.0 45.0 30.0 73.0 25.0 x x 105.0 57.0 64.0 49.0 90.0 63.0 80.0 62.0 46.0 75.0 67.0 92.0 127.0 63.0 48.0 90.0 44.0 44.0 63.0 65.0 156.0 54.0 61.0 x x 77.0 63.0 53.0 56.0 38.0 52.0 54.0 77.0 47.0 55.0 74.0 90.0 64.0 x 43.0 50.0 57.0 32.0 53.0 61.0 x 53.0 x x 35.0 36.0 73.0 65.0 23.0 48.0 37.0 97.0 80.0 59.0 55.0 x 27.0 65.0 66.0 92.0 65.0 48.0 x 46.0 74.0 92.0 58.0 65.0 78.0 22.0 31.0 62.0 7.0 58.0 78.0 53.0 40.0 63.0 60.0 44.0 
66.0 61.0 70.0 x 47.0 78.0 x 65.0 28.0 x 43.0 46.0 38.0 24.0 x 91.0 x 41.0 50.0 x x x 35.0 x 70.0 x 98.0 122.0 x 61.0 x 17.0 x 62.0 58.0 129.0 37.0 51.0 x x 72.0 x 26.0 x x x 27.0 72.0 20.0 x 57.0 76.0 59.0 76.0 x 40.0 x 5.0 x 56.0 51.0 66.0 77.0 74.0 61.0 9.0 84.0 60.0 36.0 61.0 x 70.0 75.0 72.0 28.0 27.0 x x 63.0 x 55.0 21.0 61.0 59.0 47.0 65.0 51.0 44.0 51.0 35.0 44.0 52.0 20.0 x 66.0 36.0 53.0 x 50.0 x 
x 53.0 66.0 99.0 45.0 85.0 100.0 x 66.0 47.0 x x x 62.0 69.0 x 60.0 57.0 74.0 x 60.0 73.0 33.0 57.0 77.0 x x 118.0 85.0 93.0 85.0 55.0 x x x 120.0 53.0 x 81.0 56.0 x x x 52.0 50.0 x 11.0 65.0 18.0 44.0 83.0 78.0 67.0 x 45.0 38.0 50.0 43.0 41.0 31.0 49.0 69.0 39.0 62.0 69.0 47.0 70.0 58.0 65.0 87.0 44.0 x 86.0 76.0 x 65.0 x x x 86.0 53.0 37.0 23.0 62.0 70.0 81.0 x 60.0 75.0 73.0 82.0 50.0 58.0 x 64.0 52.0 x 52.0 48.0 64.0 
59.0 59.0 43.0 x x 81.0 39.0 68.0 91.0 33.0 44.0 73.0 69.0 55.0 87.0 93.0 12.0 36.0 48.0 96.0 49.0 73.0 39.0 50.0 63.0 48.0 90.0 133.0 71.0 x x 47.0 96.0 56.0 56.0 166.0 26.0 49.0 67.0 56.0 88.0 62.0 87.0 48.0 x 50.0 55.0 65.0 54.0 35.0 89.0 x 5.0 49.0 x 38.0 29.0 68.0 x x 38.0 51.0 66.0 72.0 34.0 60.0 59.0 58.0 43.0 72.0 73.0 x 86.0 83.0 50.0 66.0 63.0 x x 65.0 53.0 42.0 x 58.0 70.0 65.0 49.0 37.0 114.0 66.0 75.0 50.0 59.0 x 70.0 x 26.0 45.0 48.0 x 
95.0 81.0 100.0 x 67.0 88.0 37.0 x 93.0 69.0 73.0 x 90.0 x x x x 29.0 90.0 111.0 106.0 89.0 66.0 66.0 99.0 55.0 111.0 148.0 107.0 109.0 114.0 x 122.0 x x 181.0 39.0 x x 72.0 100.0 104.0 x 55.0 x 86.0 x 88.0 80.0 42.0 106.0 94.0 70.0 106.0 67.0 60.0 x 70.0 57.0 85.0 71.0 x 100.0 90.0 91.0 56.0 109.0 74.0 70.0 70.0 75.0 120.0 101.0 81.0 72.0 92.0 x 86.0 65.0 x 69.0 49.0 84.0 65.0 x 93.0 71.0 50.0 116.0 87.0 x x x 82.0 97.0 50.0 83.0 58.0 x 67.0 
50.0 36.0 55.0 x 22.0 78.0 90.0 45.0 83.0 x 35.0 70.0 59.0 54.0 86.0 x 55.0 x 45.0 79.0 61.0 44.0 50.0 41.0 54.0 66.0 92.0 x 62.0 64.0 89.0 72.0 95.0 47.0 33.0 x x 20.0 58.0 3.0 x 59.0 34.0 x x 41.0 42.0 48.0 x 53.0 59.0 49.0 48.0 61.0 22.0 15.0 47.0 55.0 12.0 x 26.0 70.0 x 49.0 46.0 51.0 64.0 29.0 x 81.0 x 87.0 x 92.0 27.0 65.0 55.0 53.0 53.0 69.0 x 60.0 46.0 x 47.0 78.0 26.0 x 101.0 62.0 x 3.0 58.0 x 79.0 58.0 38.0 69.0 19.0 x 
79.0 72.0 79.0 122.0 58.0 65.0 81.0 x 49.0 53.0 38.0 67.0 59.0 45.0 77.0 99.0 x 20.0 x 64.0 75.0 80.0 43.0 x 75.0 x 77.0 101.0 91.0 82.0 93.0 38.0 78.0 76.0 69.0 150.0 16.0 56.0 87.0 x 51.0 85.0 47.0 32.0 46.0 60.0 26.0 75.0 x 7.0 78.0 55.0 47.0 85.0 51.0 x 13.0 26.0 48.0 x 62.0 49.0 76.0 67.0 70.0 30.0 x 65.0 45.0 x 31.0 71.0 54.0 60.0 41.0 48.0 21.0 37.0 42.0 49.0 60.0 x x 42.0 x 44.0 x 23.0 72.0 x 65.0 57.0 41.0 66.0 74.0 15.0 62.0 15.0 55.0 44.0 
x 30.0 71.0 76.0 24.0 62.0 77.0 39.0 89.0 40.0 51.0 80.0 53.0 x 92.0 72.0 71.0 55.0 67.0 58.0 66.0 66.0 56.0 57.0 70.0 x 85.0 95.0 78.0 74.0 x 78.0 99.0 x 27.0 97.0 51.0 42.0 58.0 49.0 66.0 70.0 65.0 29.0 x x 34.0 42.0 41.0 54.0 x 71.0 64.0 60.0 x 31.0 x 66.0 x 42.0 42.0 46.0 16.0 43.0 62.0 67.0 66.0 51.0 58.0 75.0 x x 63.0 86.0 43.0 x 61.0 23.0 x 84.0 46.0 x x 39.0 63.0 x 20.0 62.0 98.0 56.0 78.0 x 71.0 53.0 75.0 62.0 54.0 70.0 41.0 41.0 
73.0 69.0 81.0 95.0 x 23.0 85.0 x 87.0 47.0 48.0 x 49.0 35.0 97.0 75.0 60.0 36.0 80.0 79.0 87.0 83.0 59.0 x 47.0 48.0 46.0 116.0 85.0 80.0 102.0 76.0 76.0 70.0 53.0 136.0 x 59.0 81.0 66.0 67.0 93.0 x 10.0 40.0 54.0 68.0 79.0 x 35.0 61.0 88.0 53.0 87.0 45.0 48.0 29.0 64.0 x 63.0 x 7.0 x 37.0 72.0 68.0 97.0 68.0 47.0 69.0 69.0 113.0 69.0 80.0 60.0 46.0 59.0 62.0 58.0 65.0 x 42.0 39.0 x 80.0 48.0 59.0 43.0 110.0 x x 60.0 39.0 x 36.0 43.0 64.0 51.0 58.0 2.0 
x 53.0 x 104.0 39.0 x 107.0 62.0 75.0 41.0 x 63.0 76.0 71.0 70.0 87.0 72.0 60.0 x 69.0 78.0 x 67.0 58.0 71.0 x 102.0 106.0 79.0 87.0 86.0 64.0 67.0 x 50.0 160.0 56.0 43.0 75.0 x 82.0 82.0 63.0 70.0 44.0 58.0 59.0 x x 47.0 83.0 72.0 x 78.0 39.0 32.0 53.0 42.0 35.0 57.0 43.0 x 79.0 55.0 x x x 52.0 59.0 87.0 47.0 80.0 79.0 87.0 44.0 74.0 47.0 70.0 70.0 x 47.0 x 63.0 80.0 x 95.0 43.0 67.0 88.0 79.0 91.0 44.0 67.0 54.0 x 39.0 x 69.0 42.0 82.0 
84.0 84.0 71.0 112.0 70.0 71.0 100.0 88.0 93.0 58.0 69.0 111.0 97.0 83.0 121.0 118.0 67.0 64.0 99.0 108.0 65.0 98.0 87.0 75.0 x 64.0 x x 96.0 118.0 123.0 x 122.0 57.0 81.0 184.0 x 74.0 92.0 81.0 95.0 104.0 x 58.0 61.0 75.0 x 90.0 77.0 51.0 109.0 x 60.0 x 56.0 x 57.0 x 66.0 74.0 74.0 55.0 103.0 85.0 85.0 74.0 75.0 83.0 76.0 x x 115.0 x 104.0 75.0 92.0 65.0 81.0 65.0 93.0 78.0 44.0 x 48.0 95.0 x 74.0 67.0 116.0 94.0 103.0 75.0 x 47.0 84.0 59.0 86.0 59.0 73.0 50.0 
x 10.0 51.0 69.0 4.0 x x 19.0 77.0 20.0 31.0 63.0 33.0 47.0 x 52.0 51.0 42.0 47.0 53.0 46.0 46.0 46.0 37.0 50.0 x 66.0 90.0 58.0 54.0 85.0 68.0 79.0 43.0 7.0 x x 22.0 41.0 29.0 46.0 53.0 45.0 49.0 23.0 37.0 38.0 22.0 31.0 55.0 40.0 51.0 44.0 40.0 18.0 11.0 49.0 x 14.0 22.0 x 53.0 36.0 23.0 42.0 47.0 46.0 31.0 38.0 55.0 57.0 83.0 43.0 66.0 x 58.0 51.0 x 49.0 71.0 26.0 x 20.0 59.0 43.0 74.0 x 63.0 x 36.0 58.0 23.0 51.0 33.0 x 54.0 34.0 71.0 21.0 61.0 
86.0 73.0 76.0 104.0 59.0 x 76.0 63.0 70.0 x 49.0 90.0 68.0 54.0 93.0 94.0 x 21.0 75.0 87.0 82.0 x x 63.0 90.0 33.0 x 124.0 x 99.0 85.0 60.0 74.0 83.0 70.0 146.0 11.0 x 91.0 64.0 x 89.0 x 33.0 x 71.0 x 85.0 53.0 20.0 84.0 48.0 32.0 82.0 58.0 52.0 14.0 49.0 49.0 x 63.0 50.0 78.0 62.0 61.0 53.0 92.0 x 42.0 x 54.0 94.0 77.0 83.0 61.0 65.0 44.0 60.0 37.0 50.0 x 23.0 62.0 43.0 67.0 67.0 63.0 x 95.0 65.0 50.0 58.0 58.0 73.0 69.0 x 59.0 8.0 56.0 45.0 
x x x 159.0 94.0 129.0 135.0 112.0 x 91.0 94.0 97.0 89.0 75.0 100.0 138.0 x 92.0 101.0 136.0 113.0 122.0 82.0 70.0 121.0 77.0 103.0 x 114.0 112.0 116.0 68.0 108.0 113.0 105.0 78.0 88.0 98.0 119.0 98.0 123.0 115.0 67.0 104.0 94.0 108.0 x 114.0 x 79.0 98.0 127.0 x 127.0 89.0 87.0 x 46.0 90.0 x x 117.0 114.0 121.0 x 60.0 x 107.0 87.0 109.0 41.0 19.0 126.0 117.0 75.0 78.0 51.0 75.0 114.0 116.0 101.0 72.0 98.0 110.0 88.0 116.0 x 95.0 x 86.0 95.0 99.0 71.0 104.0 113.0 87.0 104.0 87.0 97.0 108.0 
36.0 46.0 57.0 95.0 x 65.0 71.0 31.0 x 45.0 30.0 x 3.0 11.0 74.0 x 70.0 58.0 56.0 89.0 63.0 x 70.0 54.0 x 70.0 x 126.0 63.0 56.0 x 52.0 52.0 68.0 43.0 153.0 x 58.0 77.0 65.0 82.0 x 61.0 56.0 38.0 37.0 62.0 58.0 55.0 x 52.0 87.0 69.0 x x x 51.0 x 50.0 58.0 52.0 53.0 72.0 59.0 48.0 44.0 73.0 67.0 23.0 56.0 45.0 105.0 79.0 67.0 59.0 22.0 35.0 73.0 66.0 87.0 62.0 x 56.0 x 79.0 94.0 36.0 65.0 86.0 x x x 15.0 58.0 78.0 x 40.0 x x 44.0 
51.0 48.0 x 110.0 62.0 74.0 80.0 62.0 72.0 x 39.0 90.0 34.0 20.0 83.0 x 79.0 71.0 x 73.0 72.0 x 79.0 63.0 84.0 83.0 x x 72.0 x 99.0 61.0 61.0 77.0 65.0 167.0 61.0 68.0 79.0 77.0 x 79.0 70.0 65.0 47.0 61.0 71.0 x 64.0 70.0 83.0 98.0 78.0 72.0 52.0 59.0 64.0 49.0 62.0 70.0 61.0 x 89.0 75.0 57.0 53.0 x x 32.0 x x x x 76.0 71.0 31.0 44.0 82.0 75.0 x x 65.0 78.0 x 91.0 103.0 58.0 50.0 95.0 x x 71.0 24.0 67.0 87.0 x 49.0 58.0 x 53.0 
47.0 33.0 52.0 84.0 19.0 x 87.0 42.0 80.0 21.0 32.0 67.0 x 51.0 83.0 67.0 52.0 37.0 42.0 x 58.0 41.0 47.0 38.0 51.0 63.0 x 113.0 59.0 61.0 86.0 69.0 92.0 x 30.0 x x 17.0 55.0 6.0 x 56.0 37.0 50.0 x 38.0 39.0 45.0 32.0 50.0 62.0 46.0 x 58.0 x 12.0 44.0 57.0 9.0 37.0 23.0 67.0 59.0 46.0 43.0 x 61.0 x 39.0 78.0 x 84.0 66.0 89.0 24.0 62.0 52.0 50.0 50.0 x 3.0 57.0 x 60.0 44.0 75.0 23.0 58.0 99.0 x 71.0 x 55.0 34.0 78.0 55.0 x x 16.0 62.0 
51.0 61.0 50.0 110.0 50.0 58.0 64.0 46.0 48.0 38.0 23.0 66.0 x 4.0 67.0 98.0 63.0 57.0 x x x x 55.0 x 68.0 61.0 85.0 120.0 x 41.0 x x 37.0 61.0 58.0 149.0 47.0 54.0 72.0 61.0 70.0 63.0 46.0 49.0 x 45.0 47.0 x 40.0 48.0 67.0 83.0 62.0 x 36.0 x 50.0 25.0 46.0 54.0 x 46.0 73.0 x x x 66.0 63.0 16.0 41.0 30.0 90.0 73.0 52.0 48.0 7.0 20.0 58.0 59.0 x 58.0 41.0 71.0 39.0 67.0 x 51.0 58.0 71.0 15.0 24.0 55.0 x x 71.0 46.0 x 56.0 53.0 37.0 
43.0 43.0 x 65.0 x 79.0 83.0 52.0 81.0 13.0 28.0 69.0 61.0 x 86.0 77.0 48.0 53.0 52.0 80.0 68.0 x 57.0 34.0 17.0 72.0 x 117.0 55.0 x 82.0 58.0 x 10.0 x 150.0 63.0 33.0 x 40.0 73.0 59.0 71.0 60.0 20.0 34.0 49.0 49.0 x 59.0 73.0 62.0 41.0 67.0 15.0 22.0 60.0 x x 33.0 x 67.0 69.0 56.0 38.0 44.0 x 42.0 35.0 88.0 63.0 94.0 x 99.0 34.0 58.0 x x x 82.0 x 66.0 53.0 x 54.0 47.0 33.0 73.0 104.0 58.0 67.0 34.0 x x x 51.0 x 79.0 32.0 58.0 
101.0 87.0 105.0 131.0 73.0 55.0 109.0 76.0 94.0 x 80.0 112.0 81.0 67.0 x 87.0 58.0 68.0 94.0 96.0 102.0 101.0 31.0 85.0 83.0 80.0 82.0 x 113.0 97.0 x 83.0 x 98.0 84.0 172.0 58.0 77.0 109.0 x 103.0 108.0 x 46.0 72.0 x x 99.0 46.0 67.0 97.0 101.0 65.0 x 73.0 66.0 61.0 71.0 x 91.0 77.0 43.0 x 73.0 80.0 75.0 112.0 86.0 79.0 105.0 72.0 98.0 105.0 x 54.0 78.0 66.0 64.0 70.0 97.0 79.0 74.0 75.0 36.0 x 84.0 x 69.0 113.0 78.0 87.0 78.0 71.0 x x x 88.0 61.0 76.0 34.0 
64.0 64.0 64.0 x 50.0 66.0 78.0 53.0 64.0 38.0 23.0 x x 42.0 x 98.0 55.0 x x 77.0 70.0 78.0 44.0 55.0 68.0 x 89.0 114.0 76.0 87.0 93.0 x 83.0 61.0 61.0 x 17.0 54.0 x 61.0 66.0 77.0 62.0 33.0 31.0 45.0 41.0 70.0 48.0 8.0 74.0 70.0 48.0 70.0 36.0 x 14.0 41.0 x 54.0 54.0 50.0 78.0 68.0 55.0 x 80.0 63.0 30.0 x 46.0 86.0 67.0 75.0 x 53.0 36.0 52.0 x 50.0 58.0 15.0 62.0 43.0 39.0 59.0 54.0 x 87.0 x x 55.0 46.0 51.0 x x 47.0 30.0 53.0 x 
58.0 44.0 17.0 95.0 30.0 83.0 65.0 53.0 81.0 32.0 24.0 47.0 x 29.0 61.0 78.0 x 54.0 x x 23.0 53.0 x 49.0 x 68.0 85.0 109.0 x 74.0 77.0 65.0 70.0 36.0 41.0 150.0 x 34.0 48.0 x 65.0 36.0 66.0 x 32.0 46.0 50.0 41.0 43.0 55.0 74.0 63.0 31.0 23.0 30.0 23.0 51.0 58.0 26.0 x 12.0 71.0 40.0 57.0 8.0 x 33.0 38.0 17.0 73.0 63.0 95.0 62.0 x 35.0 40.0 53.0 x 26.0 83.0 38.0 62.0 54.0 64.0 x 86.0 34.0 59.0 104.0 40.0 49.0 x x x 88.0 47.0 x 53.0 33.0 62.0 
94.0 81.0 70.0 112.0 67.0 74.0 x 71.0 64.0 68.0 53.0 82.0 74.0 60.0 92.0 86.0 47.0 29.0 x 79.0 76.0 89.0 30.0 55.0 90.0 35.0 92.0 116.0 106.0 97.0 x 52.0 66.0 x 78.0 x 19.0 65.0 x 72.0 66.0 89.0 62.0 41.0 x x 41.0 90.0 45.0 22.0 92.0 40.0 x 76.0 x 60.0 x 41.0 57.0 83.0 65.0 58.0 86.0 70.0 x x 86.0 74.0 50.0 86.0 46.0 86.0 x 75.0 53.0 63.0 x 52.0 45.0 58.0 69.0 15.0 70.0 51.0 69.0 59.0 71.0 8.0 87.0 x 58.0 x 56.0 79.0 61.0 30.0 53.0 x 64.0 x 
x x 50.0 82.0 17.0 73.0 85.0 39.0 78.0 19.0 30.0 65.0 54.0 49.0 81.0 x 50.0 35.0 40.0 74.0 56.0 39.0 x 36.0 49.0 61.0 x 111.0 57.0 59.0 x 67.0 90.0 42.0 x 138.0 x 15.0 53.0 22.0 x 54.0 x 48.0 22.0 x 37.0 43.0 30.0 48.0 60.0 x 43.0 56.0 17.0 10.0 x 55.0 7.0 35.0 21.0 x 57.0 44.0 41.0 46.0 59.0 x 37.0 76.0 56.0 82.0 64.0 87.0 22.0 60.0 50.0 48.0 48.0 x 19.0 55.0 41.0 58.0 42.0 73.0 21.0 56.0 97.0 x x 16.0 53.0 32.0 76.0 53.0 33.0 64.0 x 60.0 
71.0 x 79.0 x 57.0 21.0 x 42.0 x x x 101.0 47.0 33.0 96.0 73.0 62.0 38.0 78.0 81.0 x 85.0 61.0 62.0 49.0 50.0 48.0 118.0 x 78.0 100.0 74.0 74.0 68.0 55.0 138.0 34.0 61.0 79.0 68.0 69.0 91.0 83.0 12.0 38.0 52.0 x 77.0 70.0 x 63.0 90.0 x 85.0 43.0 50.0 31.0 62.0 53.0 x 61.0 x 57.0 39.0 70.0 66.0 95.0 70.0 45.0 71.0 67.0 115.0 71.0 82.0 62.0 44.0 x 64.0 x 67.0 x 44.0 41.0 2.0 82.0 50.0 61.0 45.0 108.0 44.0 53.0 62.0 37.0 58.0 34.0 x 62.0 x 60.0 x 
